
 Id Hume Ojo Nvo
col1 2 42.2 0 1
col2 7 50.8 1 1
col3 12 24 1 0
col4 13 69.4 0 1
col5 8 79.5 1 0
col6 13 62.8 1 0
col7 9 58.8 1 0
col8 14 24 0 1
col9 15 79.9 0 1
col10 4 51.6 1 0
col11 6 29.8 0 0
col12 5 51 0 0
col13 15 79.1 1 0
col14 7 46.4 0 0
col15 12 27.3 0 1
col16 16 78.2 1 1
col17 3 58.5 0 0
col18 10 64.9 0 0
col19 11 38.7 1 1
col20 11 41 0 0
col21 8 83.9 0 1
col22 5 54.3 1 1
col23 10 73.5 1 1
col24 1 42.5 1 0
col25 16 80.6 0 0
col26 4 50.3 0 1
col27 1 63.6 0 1
col28 3 56.4 1 1
col29 6 41.2 1 1
col30 2 20.2 1 0
col31 9 62.1 0 1
col32 14 6.3 1 0
